1 Петров 22 1 2000 423212678 Грипп Айболит 22 1 2019 
2 Кузнецов 14 6 2002 312323768 ОРВИ Зайцев 31 2 2022 
3 Царев 3 5 1977 493849203 Насморк Григорьев 15 8 2014
4 Никитин 24 3 1999 302958392 ОРВИ Попова 4 1 2021
5 Кузьмин 6 9 2005 483749283 ОРВИ Зубов 7 7 2007
6 Гончаров 7 3 2018 483749865 Чума Зубов 19 5 2009
7 Боброва 8 8 2019 498615738 Обморожение Айболит 11 9 2020
8 Максимов 18 9 2002 123215864 Алкоголизм Григорьев 5 1 2022
9 Новиков 15 9 1989 456878511 Грипп Айболит 13 3 2020
10 Царев 26 8 2011 778965321 Коронавирус Зубов 5 6 2021
11 Абрамова 8 7 2014 485615634 Коронавирус Айболит 5 6 2021
12 Глебов 27 6 2003 486951231 ОРВИ Носова 4 3 2012
13 Малышев 9 8 2005 152436983 Грипп Зубова 9 1 2019
14 Новикова 30 4 2009 785623611 Шизофрения Григорьев 18 8 2013
15 Иванова 14 9 1967 154298653 Грипп Зубов 29 6 2013
16 Никитин 24 3 1999 302958392 ОРВИ Попова 14 11 2021
17 Новиков 15 9 1989 456878511 Грипп Айболит 13 5 2020
18 Никитин 24 3 1999 302958392 ОРВИ Попова 25 11 2021
19 Гончаров 7 3 2018 483749865 Чума Зубов 11 8 2009
20 Никитин 24 3 1999 302958392 ОРВИ Попова 16 12 2021
21 Новиков 15 9 1989 456878511 Грипп Айболит 13 9 2020
22 Гончаров 7 3 2018 483749865 Чума Зубов 18 10 2009
23 Новиков 15 9 1989 456878511 Грипп Айболит 25 10 2020
24 Новиков 15 9 1989 456878511 Грипп Айболит 13 12 2020
25 Гончаров 7 3 2018 483749865 Чума Зубов 21 12 2009
26 Гончаров 7 3 2018 483749865 Чума Зубов 21 12 2010
27 Гончаров 7 3 2018 483749865 Чума Зубов 21 12 2010
28 Гончаров 7 3 2018 483749865 Чума Зубов 21 12 2010
29 Гончаров 7 3 2018 483749865 Чума Зубов 21 12 2010
30 Гончаров 7 3 2018 483749865 Чума Зубов 21 12 2011
